"V1" "V2" "V3" "V4" "V5" "V6" "V7" "V8"
"1" 0.00435207724319702 0.00372453359678846 -0.000721753463459856 -0.00101827949665333 -0.000488066132542612 -0.000107407331911331 0.000163123098494865 -0.000107115347951945
"2" 0.00372453359678846 0.00414501057499136 -0.000709324418846076 -0.00110548613867412 -0.000243929692262692 -0.000310122347488514 0.000162055763667808 -7.9629497246862e-05
"3" -0.000721753463459856 -0.000709324418846076 0.0142814887743201 0.0122747268422244 -0.00206038921151692 -0.00144089456939821 -5.1446029996816e-05 0.000193664005578745
"4" -0.00101827949665333 -0.00110548613867412 0.0122747268422244 0.0150540047864081 -0.00153108422945296 -0.00204414261722247 -7.17901922058606e-05 0.000147515531465382
"5" -0.000488066132542612 -0.000243929692262692 -0.00206038921151692 -0.00153108422945296 0.00203061815974913 0.00120482084941505 -1.2026676923324e-05 0.000220862025933541
"6" -0.000107407331911331 -0.000310122347488514 -0.00144089456939821 -0.00204414261722247 0.00120482084941505 0.00194770442412146 -4.99402880598677e-06 0.000128602681908753
"7" 0.000163123098494865 0.000162055763667808 -5.1446029996816e-05 -7.17901922058606e-05 -1.2026676923324e-05 -4.99402880598677e-06 2.1677225720018e-05 -2.15032260037909e-05
"8" -0.000107115347951945 -7.9629497246862e-05 0.000193664005578745 0.000147515531465382 0.000220862025933541 0.000128602681908753 -2.15032260037909e-05 0.000494651391842355
